132.24369588935048 95.0680567627566 197.42935432546332
132.24369588935048 95.0680567627566 197.42935432546332
132.24369588935048 95.0680567627566 197.42935432546332
132.24369588935048 95.0680567627566 197.42935432546332
132.24369588935048 95.0680567627566 197.42935432546332
40.29587093972841 41.664851737121054 240.95312006060777
40.29587093972841 41.664851737121054 240.95312006060777
40.29587093972841 41.664851737121054 240.95312006060777
40.29587093972841 41.664851737121054 240.95312006060777
40.29587093972841 41.664851737121054 240.95312006060777
40.29587093972841 41.664851737121054 240.95312006060777
40.29587093972841 41.664851737121054 240.95312006060777
40.29587093972841 41.664851737121054 240.95312006060777
40.29587093972841 41.664851737121054 240.95312006060777
40.29587093972841 41.664851737121054 240.95312006060777
40.29587093972841 41.664851737121054 240.95312006060777
40.29587093972841 41.664851737121054 240.95312006060777
40.29587093972841 41.664851737121054 240.95312006060777
40.29587093972841 41.664851737121054 240.95312006060777
40.29587093972841 41.664851737121054 240.95312006060777
40.29587093972841 41.664851737121054 240.95312006060777
131.93968722656643 122.7577418986084 278.9294186459573
131.93968722656643 122.7577418986084 278.9294186459573
131.93968722656643 122.7577418986084 278.9294186459573
131.93968722656643 122.7577418986084 278.9294186459573
131.93968722656643 122.7577418986084 278.9294186459573
131.93968722656643 122.7577418986084 278.9294186459573
131.93968722656643 122.7577418986084 278.9294186459573
131.93968722656643 122.7577418986084 278.9294186459573
131.93968722656643 122.7577418986084 278.9294186459573
131.93968722656643 122.7577418986084 278.9294186459573
131.93968722656643 122.7577418986084 278.9294186459573
131.93968722656643 122.7577418986084 278.9294186459573
131.93968722656643 122.7577418986084 278.9294186459573
131.93968722656643 122.7577418986084 278.9294186459573
131.93968722656643 122.7577418986084 278.9294186459573
131.93968722656643 122.7577418986084 278.9294186459573
131.93968722656643 122.7577418986084 278.9294186459573
131.93968722656643 122.7577418986084 278.9294186459573
131.93968722656643 122.7577418986084 278.9294186459573
131.93968722656643 122.7577418986084 278.9294186459573
131.93968722656643 122.7577418986084 278.9294186459573
131.93968722656643 122.7577418986084 278.9294186459573
131.93968722656643 122.7577418986084 278.9294186459573
131.93968722656643 122.7577418986084 278.9294186459573
131.93968722656643 122.7577418986084 278.9294186459573
131.93968722656643 122.7577418986084 278.9294186459573
131.93968722656643 122.7577418986084 278.9294186459573
131.93968722656643 122.7577418986084 278.9294186459573
131.93968722656643 122.7577418986084 278.9294186459573
131.93968722656643 122.7577418986084 278.9294186459573
131.93968722656643 122.7577418986084 278.9294186459573
131.93968722656643 122.7577418986084 278.9294186459573
131.93968722656643 122.7577418986084 278.9294186459573
256.71068228064104 142.55280003084334 133.03419265392506
256.71068228064104 142.55280003084334 133.03419265392506
256.71068228064104 142.55280003084334 133.03419265392506
256.71068228064104 142.55280003084334 133.03419265392506
256.71068228064104 142.55280003084334 133.03419265392506
132.24369588935048 95.0680567627566 197.42935432546332
132.24369588935048 95.0680567627566 197.42935432546332
132.24369588935048 95.0680567627566 197.42935432546332
132.24369588935048 95.0680567627566 197.42935432546332
132.24369588935048 95.0680567627566 197.42935432546332
132.24369588935048 95.0680567627566 197.42935432546332
132.24369588935048 95.0680567627566 197.42935432546332
132.24369588935048 95.0680567627566 197.42935432546332
132.24369588935048 95.0680567627566 197.42935432546332
132.24369588935048 95.0680567627566 197.42935432546332
132.24369588935048 95.0680567627566 197.42935432546332
132.24369588935048 95.0680567627566 197.42935432546332
132.24369588935048 95.0680567627566 197.42935432546332
132.24369588935048 95.0680567627566 197.42935432546332
132.24369588935048 95.0680567627566 197.42935432546332
132.24369588935048 95.0680567627566 197.42935432546332
132.24369588935048 95.0680567627566 197.42935432546332
132.24369588935048 95.0680567627566 197.42935432546332
132.24369588935048 95.0680567627566 197.42935432546332
132.24369588935048 95.0680567627566 197.42935432546332
132.24369588935048 95.0680567627566 197.42935432546332
132.24369588935048 95.0680567627566 197.42935432546332
132.24369588935048 95.0680567627566 197.42935432546332
132.24369588935048 95.0680567627566 197.42935432546332
132.24369588935048 95.0680567627566 197.42935432546332
132.24369588935048 95.0680567627566 197.42935432546332
132.24369588935048 95.0680567627566 197.42935432546332
132.24369588935048 95.0680567627566 197.42935432546332
132.24369588935048 95.0680567627566 197.42935432546332
132.24369588935048 95.0680567627566 197.42935432546332
132.24369588935048 95.0680567627566 197.42935432546332
132.24369588935048 95.0680567627566 197.42935432546332
132.24369588935048 95.0680567627566 197.42935432546332
132.24369588935048 95.0680567627566 197.42935432546332
132.24369588935048 95.0680567627566 197.42935432546332
132.24369588935048 95.0680567627566 197.42935432546332
132.24369588935048 95.0680567627566 197.42935432546332
132.24369588935048 95.0680567627566 197.42935432546332
132.24369588935048 95.0680567627566 197.42935432546332
132.24369588935048 95.0680567627566 197.42935432546332
132.24369588935048 95.0680567627566 197.42935432546332
132.24369588935048 95.0680567627566 197.42935432546332
132.24369588935048 95.0680567627566 197.42935432546332
132.24369588935048 95.0680567627566 197.42935432546332
132.24369588935048 95.0680567627566 197.42935432546332