1.000000000000000000e+00,0.000000000000000000e+00,0.000000000000000000e+00,0.000000000000000000e+00,1.000000000000000000e+00,0.000000000000000000e+00,0.000000000000000000e+00,0.000000000000000000e+00,1.000000000000000000e+00
9.999983300001592523e-01,6.508090964346526459e-22,-5.183856646620176424e-21,-6.354058825452600681e-21,9.999983300001592523e-01,7.255212418240703967e-22,1.249899816418614133e-21,2.210011463608272050e-21,1.000004999999917654e+00
9.999966599723367766e-01,2.543037022108568648e-21,-2.446111444875253925e-21,-1.819267798070637707e-20,9.999966599723367766e-01,3.137120856816427527e-21,-1.124277154104645544e-21,1.532054167385056742e-21,1.000009999999923016e+00
9.999949899331043168e-01,5.681452501790177651e-21,-5.891194234604752765e-21,-2.751985490028512157e-20,9.999949899331043168e-01,-3.305518849258505714e-21,-3.752927968273680745e-21,4.433150217362785853e-21,1.000014999999842225e+00
9.999933199107609028e-01,9.622027503615788419e-18,-9.232407476677181427e-18,-1.242602196136118459e-17,9.999933199107609028e-01,2.260141633911065146e-18,1.717386788153646298e-17,-3.001233310970702112e-18,1.000020000000175102e+00
9.999916498608836246e-01,7.252295057187889975e-17,-2.036574209618426375e-17,-5.618461285146123422e-16,9.999916498608836246e-01,-4.700930849139727947e-16,-3.487536628455898339e-16,2.940777965044503789e-16,1.000025000000099862e+00
9.999899797994663553e-01,4.788300745280120553e-15,-1.450067877956868301e-15,-4.965466977081948010e-14,9.999899797994715733e-01,-4.080520699840045201e-14,-2.973653922709840034e-14,2.658139285666260768e-14,1.000030000000077246e+00
9.999883097263231324e-01,1.863037141061204206e-13,-5.620869269429567714e-14,-1.933188534354217720e-12,9.999883097262424192e-01,-1.587726456665069492e-12,-1.156425758348088214e-12,1.034769110848331691e-12,1.000034999999994900e+00
9.999866394302062700e-01,4.869662572475425651e-11,-2.202525977594852258e-11,-5.679333587504061640e-10,9.999866393731092762e-01,-4.926979200948118588e-10,-3.499564095229660599e-10,3.109044566302540027e-10,1.000039999999997598e+00
9.999849668801319424e-01,6.637630763569450643e-10,-1.875903128976785223e-10,-6.719131299221595891e-09,9.999849665431601586e-01,-5.502924298483271272e-09,-4.055530153485617507e-09,3.615613538204632748e-09,1.000045000000002293e+00
9.999832778779813580e-01,5.167613734176312464e-09,-1.907134249281409921e-09,-5.191504733943018658e-08,9.999832763929056290e-01,-4.073177200285204314e-08,-3.101980162170273653e-08,2.802623194116519749e-08,1.000049999999998773e+00
9.999815138562991867e-01,2.304761764032033614e-08,-1.335324776375032019e-08,-2.463750966913884843e-07,9.999815172913411043e-01,-1.644428792671580264e-07,-1.478603790366567539e-07,1.351552362637349088e-07,1.000054999999999472e+00
9.999795803952593598e-01,4.524526351743183427e-08,-4.224559553850676133e-08,-6.835906854750075986e-07,9.999796240540208547e-01,-3.040775261345963735e-07,-4.235896930179232648e-07,3.668698162139460929e-07,1.000060000000002836e+00
9.999774497171354248e-01,3.805617389799104394e-08,-5.849437994344295788e-08,-1.310545771936092643e-06,9.999775902088274826e-01,-2.318947031824633716e-07,-8.462019079871486901e-07,6.373489998076868853e-07,1.000064999999998427e+00
9.999751622804288198e-01,-1.089569694938830385e-08,-3.518782312575883311e-08,-2.035122934842641694e-06,9.999754707701777878e-01,1.440440765285487977e-07,-1.349764671605231128e-06,8.432161672109030728e-07,1.000069999999998016e+00
9.999727567672841433e-01,-9.942879975954954012e-08,1.565514631568309514e-08,-2.792542445567729410e-06,9.999733299437512102e-01,7.639123792223067781e-07,-1.866381203372153597e-06,9.591421525295879435e-07,1.000074999999996495e+00
9.999702524273791360e-01,-2.256148827065418336e-07,6.887577585948356913e-08,-3.542351553065146655e-06,9.999712104877316321e-01,1.543404914678193818e-06,-2.348406685250866425e-06,1.007061617241147165e-06,1.000080000000003189e+00
9.999676594128326101e-01,-3.886256783191628072e-07,1.067524749353780874e-07,-4.261998746363645986e-06,9.999691327070088231e-01,2.424820990701967724e-06,-2.770705017958521425e-06,1.016312360841921591e-06,1.000084999999997004e+00
9.999649872502632819e-01,-5.862677373306121709e-07,1.206582686806209769e-07,-4.942374796693591180e-06,9.999671018286558910e-01,3.374216228803839584e-06,-3.124441938890376027e-06,1.009409364000888650e-06,1.000090000000000146e+00
9.999622475884804018e-01,-8.137638261735452034e-07,1.072175496647751403e-07,-5.584234961199518524e-06,9.999651142480172616e-01,4.371746927290381189e-06,-3.409905666894682541e-06,9.990021720089187569e-07,1.000094999999999512e+00
9.999594532517356305e-01,-1.064678945385863013e-06,6.543108204514172597e-08,-6.194079724548611645e-06,9.999631623087908983e-01,5.405386712245430366e-06,-3.631537497397286244e-06,9.895124232431239455e-07,1.000100000000000655e+00
9.999566161827990740e-01,-1.332951859840763158e-06,-4.776931553237413736e-09,-6.779390383569339336e-06,9.999612377840274569e-01,6.466057123485249312e-06,-3.795550327580938015e-06,9.813914881670368822e-07,1.000104999999998912e+00
9.999537462573224733e-01,-1.613919057807999455e-06,-1.031442598003963986e-07,-7.346140651513130053e-06,9.999593335432539476e-01,7.545369147807361944e-06,-3.908698397270120034e-06,9.741857382002071045e-07,1.000109999999998056e+00
9.999508511851933346e-01,-1.904113524324992824e-06,-2.292072246002651323e-07,-7.898738706873168868e-06,9.999574438619447392e-01,8.635621149935073887e-06,-3.977452504517140834e-06,9.675278588408185785e-07,1.000115000000003196e+00
9.999479367627505111e-01,-2.200802638073365124e-06,-3.821913506263211321e-07,-8.440494821092582047e-06,9.999555643826233409e-01,9.729986281550245003e-06,-4.007706744824421065e-06,9.613279156696819828e-07,1.000120000000001674e+00
9.999450072653869315e-01,-2.501727761104541997e-06,-5.608023203747039144e-07,-8.973968654492968069e-06,9.999536919226258425e-01,1.082253035571144778e-05,-4.004828123173567873e-06,9.558138760815688081e-07,1.000124999999997710e+00
9.999420659315818583e-01,-2.805169368303459402e-06,-7.632726526341998950e-07,-9.501051841633678557e-06,9.999518241243721128e-01,1.190822500360914029e-05,-3.973664795203896975e-06,9.514860034884368492e-07,1.000129999999999519e+00
9.999391152989952625e-01,-3.109949388089431514e-06,-9.875194265891743336e-07,-1.002302461362147636e-05,9.999499591881859661e-01,1.298278963855384130e-05,-3.918592247346194638e-06,9.490997506507384499e-07,1.000135000000001106e+00
9.999361573956014881e-01,-3.415339406691930360e-06,-1.231324753512198573e-06,-1.054063351917466632e-05,9.999480957093944689e-01,1.404257571604964929e-05,-3.843524122088104733e-06,9.496206707562647885e-07,1.000139999999995366e+00
9.999331939102528155e-01,-3.721010963651615344e-06,-1.492555360992149989e-06,-1.105410766118818819e-05,9.999462325368955185e-01,1.508452097701000465e-05,-3.751840021953414390e-06,9.541413229438579954e-07,1.000144999999999618e+00
9.999302262643909867e-01,-4.026956963527855260e-06,-1.769205114778460822e-06,-1.156327560532032861e-05,9.999443687278324333e-01,1.610607826773931649e-05,-3.646399868504061140e-06,9.638059205121977220e-07,1.000150000000006090e+00
9.999272555885697633e-01,-4.333331788764785399e-06,-2.059273020645976428e-06,-1.206781865233745983e-05,9.999425035795417305e-01,1.710511269156003564e-05,-3.529694998941373064e-06,9.797754962055102798e-07,1.000154999999998129e+00
9.999242827268284284e-01,-4.640298259987608227e-06,-2.360670557870172548e-06,-1.256749178180386994e-05,9.999406366272923785e-01,1.807989244085659425e-05,-3.404004338756984664e-06,1.003167401714918887e-06,1.000159999999998384e+00
9.999213082854597756e-01,-4.947931307907233960e-06,-2.671270599577976233e-06,-1.306222256050486610e-05,9.999387676031519234e-01,1.902912491517273237e-05,-3.271446499008989072e-06,1.034970484693065563e-06,1.000164999999992643e+00
9.999183327012169942e-01,-5.256201255297595460e-06,-2.989050768187702529e-06,-1.355210197140639103e-05,9.999368963812410582e-01,1.995202118154215806e-05,-3.133937044730620432e-06,1.075941621668209087e-06,1.000170000000003778e+00
9.999153562712594923e-01,-5.564962762956175151e-06,-3.312187103193952480e-06,-1.403738837930926945e-05,9.999350229595703743e-01,2.084832292693802237e-05,-2.993164574504723658e-06,1.126541863750647225e-06,1.000175000000000480e+00
9.999123791663286909e-01,-5.873929776746399727e-06,-3.639066537124229318e-06,-1.451853170629096050e-05,9.999331474485761984e-01,2.171828102270805522e-05,-2.850623857757720847e-06,1.186918212699376274e-06,1.000180000000004288e+00
9.999094014587642798e-01,-6.182706634994627841e-06,-3.968275410024305751e-06,-1.499614110905912144e-05,9.999312700395672771e-01,2.256260222999857489e-05,-2.707636818945647556e-06,1.256925269095802878e-06,1.000184999999999658e+00
9.999064231569080308e-01,-6.490850940328755820e-06,-4.298587253002393762e-06,-1.547090344725486955e-05,9.999293909680646575e-01,2.338234175302553115e-05,-2.565357374902158904e-06,1.336186245220847522e-06,1.000189999999997026e+00
9.999034442255851918e-01,-6.797924322348345359e-06,-4.628926302555971851e-06,-1.594351415903831227e-05,9.999275104896050426e-01,2.417877629060528872e-05,-2.424790118324020173e-06,1.424165887122677565e-06,1.000194999999998391e+00
9.999004646017358722e-01,-7.103512977919745437e-06,-4.958334926780091390e-06,-1.641463802184527885e-05,9.999256288641448220e-01,2.495328602154372953e-05,-2.286804666379615657e-06,1.520239789865359658e-06,1.000200000000002865e+00
9.998974842185498479e-01,-7.407252207163552067e-06,-5.285969999777656708e-06,-1.688487061591793694e-05,9.999237463323834563e-01,2.570727133067458921e-05,-2.152139231121035307e-06,1.623753862396836575e-06,1.000205000000003119e+00
9.998945030277462953e-01,-7.708854686387571099e-06,-5.611138021331286562e-06,-1.735470686299113416e-05,9.999218630967977584e-01,2.644212943223081446e-05,-2.021382990926572894e-06,1.734045304931884742e-06,1.000209999999998489e+00
9.998915210178359603e-01,-8.008128567735618898e-06,-5.933323035777448587e-06,-1.782451798298757476e-05,9.999199793079249776e-01,2.715923637451738378e-05,-1.894962255289537722e-06,1.850463339157985624e-06,1.000214999999996968e+00
9.998885382107667308e-01,-8.304966039104612219e-06,-6.252175111585433669e-06,-1.829457048363507471e-05,9.999180950692299064e-01,2.785993548714068915e-05,-1.773151162255003185e-06,1.972371782799645561e-06,1.000220000000004106e+00
9.998855546475262646e-01,-8.599319841170570687e-06,-6.567478398953255963e-06,-1.876505432398069530e-05,9.999162104528334094e-01,2.854551302116980493e-05,-1.656093597813851358e-06,2.099161278342857009e-06,1.000224999999999254e+00
9.998825703748432936e-01,-8.891175899982683181e-06,-6.879110798964172857e-06,-1.923611255745118656e-05,9.999143255140293673e-01,2.921717154049985454e-05,-1.543836164541697734e-06,2.230258568471863957e-06,1.000229999999998176e+00
9.998795854326607557e-01,-9.180533655652767876e-06,-7.187013655291066835e-06,-1.970786399472503761e-05,9.999124403037167319e-01,2.987601544559740380e-05,-1.436350377752231337e-06,2.365134629831147016e-06,1.000235000000000651e+00
9.998765998492266105e-01,-9.467395754983747277e-06,-7.491171628086493446e-06,-2.018041271885865140e-05,9.999105548744697813e-01,3.052304755347881317e-05,-1.333555813482414635e-06,2.503307085030581279e-06,1.000240000000000684e+00
9.998736136393656659e-01,-9.751762613429034227e-06,-7.791600249079923089e-06,-2.065384946189878168e-05,9.999086692835528201e-01,3.115916245110308394e-05,-1.235334260753480520e-06,2.644346837119614392e-06,1.000245000000000939e+00
9.998706268051750223e-01,-1.003363453013251710e-05,-8.088335705884539938e-06,-2.112825124536261721e-05,9.999067835923235448e-01,3.178515629894295336e-05,-1.141544233881090494e-06,2.787875240995523744e-06,1.000250000000004080e+00
9.998676393366815462e-01,-1.031301105402179739e-05,-8.381427933111257271e-06,-2.160368231738963394e-05,9.999048978663438447e-01,3.240173567718650466e-05,-1.052032128085756072e-06,2.933559062392527036e-06,1.000254999999993455e+00
9.998646512157939314e-01,-1.058988877574340405e-05,-8.670936299599738212e-06,-2.208019813571284224e-05,9.999030121727288112e-01,3.300952813852436407e-05,-9.666399221143055746e-07,3.081106395331924722e-06,1.000260000000004146e+00
9.998616624195606484e-01,-1.086425949796351886e-05,-8.956927024397213076e-06,-2.255784829967867182e-05,9.999011265775693547e-01,3.360909184522075602e-05,-8.852102578548901864e-07,3.230262534693823800e-06,1.000264999999993076e+00
9.998586729272298523e-01,-1.113611387762699013e-05,-9.239475417449781575e-06,-2.303667760302134882e-05,9.998992411402103375e-01,3.420092857228548112e-05,-8.075879219373750690e-07,3.380804775441435828e-06,1.000270000000001325e+00
9.998556827241578127e-01,-1.140544895659507053e-05,-9.518666174505651067e-06,-2.351672362630826115e-05,9.998973559099042507e-01,3.478549361339305262e-05,-7.336215783459408362e-07,3.532537972602141906e-06,1.000275000000000025e+00
9.998526918055365975e-01,-1.167227695646128047e-05,-9.794598282064087902e-06,-2.399801263659332977e-05,9.998954709229139759e-01,3.536320765945413292e-05,-6.631618783037636439e-07,3.685289336200869589e-06,1.000280000000004943e+00
9.998497001751447399e-01,-1.193662765290334891e-05,-1.006738159855413733e-05,-2.448055811281866874e-05,9.998935862040778666e-01,3.593446069009478122e-05,-5.960627910733268132e-07,3.838904755353744876e-06,1.000285000000001201e+00
9.998467078455980372e-01,-1.219854970292995690e-05,-1.033713929776084589e-05,-2.496435877150253771e-05,9.998917017670743146e-01,3.649961864776682814e-05,-5.321795600567326093e-07,3.993244995174863178e-06,1.000290000000001678e+00
9.998437148337647740e-01,-1.245810309683617780e-05,-1.060399910492468613e-05,-2.544940193780397949e-05,9.998898176190107456e-01,3.705902127700152847e-05,-4.713722230407208795e-07,4.148183956384755586e-06,1.000295000000003931e+00
9.998407211591054944e-01,-1.271535483097866027e-05,-1.086809307655513528e-05,-2.593566481258965814e-05,9.998879337623081121e-01,3.761298549256035804e-05,-4.135042611914708864e-07,4.303605820962975782e-06,1.000300000000004630e+00
9.998377268409270879e-01,-1.297037245929771566e-05,-1.112955171557936333e-05,-2.642311787306970768e-05,9.998860501975275206e-01,3.816180437251406730e-05,-3.584445956245961308e-07,4.459404467116299562e-06,1.000304999999998889e+00
9.998347318977101050e-01,-1.322322194864983465e-05,-1.138850327196559554e-05,-2.691172566774753476e-05,9.998841669242285457e-01,3.870574953265552213e-05,-3.060675568887197951e-07,4.615482269767242502e-06,1.000310000000004473e+00
9.998317363465542007e-01,-1.347396543897293705e-05,-1.164507137428544188e-05,-2.740144993547362473e-05,9.998822839416545705e-01,3.924507396846771819e-05,-2.562526213572786692e-07,4.771748421678686611e-06,1.000315000000002952e+00
9.998287402031058591e-01,-1.372266189175061335e-05,-1.189937374918392252e-05,-2.789224977661012089e-05,9.998804012490669635e-01,3.978001271894035740e-05,-2.088851296106067275e-07,4.928119789924626229e-06,1.000319999999997878e+00
9.998257434818195177e-01,-1.396936583095753894e-05,-1.215152094454744776e-05,-2.838408508242569816e-05,9.998785188456011941e-01,4.031078542352825686e-05,-1.638560939708625217e-07,5.084520111073146360e-06,1.000324999999999909e+00
9.998227461963025142e-01,-1.421412737230459619e-05,-1.240161510981505115e-05,-2.887691801138959856e-05,9.998766367302439617e-01,4.083759717066561440e-05,-1.210627726950209969e-07,5.240880546220389110e-06,1.000330000000000163e+00
9.998197483599485791e-01,-1.445699273406693502e-05,-1.264975015577078402e-05,-2.937071469658256704e-05,9.998747549011620661e-01,4.136064073194145222e-05,-8.040812400913686591e-08,5.397139455020583789e-06,1.000334999999999530e+00
9.998167499864671903e-01,-1.469800484350078242e-05,-1.289601175819147979e-05,-2.986544509074787106e-05,9.998728733555123371e-01,4.188009764493028043e-05,-4.180118728117588393e-08,5.553242142094352928e-06,1.000340000000001783e+00
9.998137510905807934e-01,-1.493720439548607225e-05,-1.314047878495284423e-05,-3.036108314988818552e-05,9.998709920887255409e-01,4.239614006763123890e-05,-5.156325367000897840e-09,5.709140477932300662e-06,1.000344999999998929e+00
9.998107516881891144e-01,-1.517463157015399431e-05,-1.338322416205421796e-05,-3.085760502641424929e-05,9.998691110944543103e-01,4.290893191016152328e-05,2.960716098105717029e-08,5.864792241446235027e-06,1.000349999999996076e+00
9.998077517963838146e-01,-1.541032752402534320e-05,-1.362431554593624002e-05,-3.135498778161818339e-05,9.998672303646153336e-01,4.341862955094113948e-05,6.256556673907246359e-08,6.020160478607289982e-06,1.000354999999997663e+00
9.998047514332830676e-01,-1.564433473781490116e-05,-1.386381591873369366e-05,-3.185320862532093874e-05,9.998653498895964109e-01,4.392538216210521495e-05,9.379126929364327321e-08,6.175213060559727969e-06,1.000360000000000360e+00
9.998017506175184144e-01,-1.587669752477437180e-05,-1.410178394826907614e-05,-3.235224388341210024e-05,9.998634696587521686e-01,4.442933173850056568e-05,1.233531269761725830e-07,6.329922183575835712e-06,1.000365000000002391e+00
9.997987493677931159e-01,-1.610746206229998198e-05,-1.433827457908035782e-05,-3.285206840225655912e-05,9.998615896609207576e-01,4.493061303794953782e-05,1.513169443604616334e-07,6.484263900895295007e-06,1.000369999999998205e+00
9.997957477021897077e-01,-1.633667654616934142e-05,-1.457333943021608570e-05,-3.335265464115876120e-05,9.998597098850747766e-01,4.542935354459315259e-05,1.777456573111867316e-07,6.638217692047793456e-06,1.000375000000010006e+00
9.997927456376118904e-01,-1.656439104435713565e-05,-1.480702749853570628e-05,-3.385397211802246888e-05,9.998578303208887075e-01,4.592567351101988908e-05,2.026996776745470769e-07,6.791765850917474248e-06,1.000380000000000935e+00
9.997897431891212827e-01,-1.679065738825355426e-05,-1.503938555367385786e-05,-3.435598675114441585e-05,9.998559509593718531e-01,4.641968597050075672e-05,2.262370088774573570e-07,6.944892885927463506e-06,1.000384999999999192e+00
9.997867403693367905e-01,-1.701552892975275838e-05,-1.527045830953203666e-05,-3.485866040143391413e-05,9.998540717935269218e-01,4.691149673271635960e-05,2.484132740041953578e-07,7.097584920577287641e-06,1.000389999999996116e+00
9.997837371879084722e-01,-1.723906000490093898e-05,-1.550028837560124466e-05,-3.536195086698309508e-05,9.998521928188202068e-01,4.740120435524885074e-05,2.692816625606628937e-07,7.249829221411606808e-06,1.000395000000000145e+00
9.997807336513793164e-01,-1.746130508703865131e-05,-1.572891597393430413e-05,-3.586581258379695821e-05,9.998503140333766526e-01,4.788890004867800247e-05,2.888927177355776495e-07,7.401614081833720278e-06,1.000400000000002620e+00
9.997777297634067306e-01,-1.768231677607684364e-05,-1.595637868811373874e-05,-3.637019869587447042e-05,9.998484354378041061e-01,4.837466805300005970e-05,3.072942103881033159e-07,7.552928733923614969e-06,1.000404999999997546e+00
9.997747255253179866e-01,-1.790214375609998292e-05,-1.618271144708010030e-05,-3.687506388665082033e-05,9.998465570347724318e-01,4.885858500187341229e-05,3.245308764314972805e-07,7.703764375544854670e-06,1.000409999999997135e+00
9.997717209372702918e-01,-1.812082784307131816e-05,-1.640794640348088341e-05,-3.738036827249699543e-05,9.998446788279427011e-01,4.934072057908137391e-05,3.406442398973177294e-07,7.854114668014805457e-06,1.000415000000003829e+00
9.997687159988478678e-01,-1.833840323637446641e-05,-1.663211315939489560e-05,-3.788607904518627927e-05,9.998428008214220730e-01,4.982113783869707678e-05,3.556726101732948936e-07,8.003976022139060355e-06,1.000419999999999865e+00
9.997657107094298778e-01,-1.855489694287543325e-05,-1.685523912942274563e-05,-3.839217073577443719e-05,9.998409230194088559e-01,5.029989392143289611e-05,3.696512633938247464e-07,8.153347439234100600e-06,1.000425000000001452e+00
9.997627050685339301e-01,-1.877033008699274100e-05,-1.707735005580369276e-05,-3.889862438396702086e-05,9.998390454258513360e-01,5.077704098563889929e-05,3.826127609076805221e-07,8.302230093179689254e-06,1.000430000000000819e+00
9.997596990756197899e-01,-1.898472049711903166e-05,-1.729847058041567132e-05,-3.940542505918504033e-05,9.998371680446231924e-01,5.125262727984411228e-05,3.945874367592252287e-07,8.450626473927637269e-06,1.000434999999994856e+00
9.997566927301222428e-01,-1.919808498770394866e-05,-1.751862483548727249e-05,-3.991255959900737106e-05,9.998352908794448934e-01,5.172669820206660964e-05,4.056038661859175120e-07,8.598539660840987889e-06,1.000439999999992446e+00
9.997536860315199281e-01,-1.941044100446930685e-05,-1.773783694801096358e-05,-4.042001483784990484e-05,9.998334139338851401e-01,5.219929730292459478e-05,4.156894944973028399e-07,8.745972773765871956e-06,1.000445000000000251e+00
9.997506789794762261e-01,-1.962180713429170518e-05,-1.795613154084894848e-05,-4.092777720101148440e-05,9.998315372111812316e-01,5.267046665984347395e-05,4.248708924287965315e-07,8.892928947605826859e-06,1.000449999999999839e+00
9.997476715742248388e-01,-1.983220393173652438e-05,-1.817353389633719860e-05,-4.143583192742992518e-05,9.998296607139041114e-01,5.314024764829361204e-05,4.331740163082494409e-07,9.039411019006552290e-06,1.000455000000000538e+00
9.997446638163721699e-01,-2.004165360235007527e-05,-1.839006987274044178e-05,-4.194416300714656889e-05,9.998277844441169071e-01,5.360868119035154099e-05,4.406246087087285844e-07,9.185421473128292075e-06,1.000459999999997240e+00
9.997416557073196541e-01,-2.025017982539679563e-05,-1.860576599666067185e-05,-4.245275356469039034e-05,9.998259084030458599e-01,5.407580776382786477e-05,4.472479541693687121e-07,9.330962477666573685e-06,1.000465000000005045e+00
9.997386472490020770e-01,-2.045780698853762660e-05,-1.882064943601243363e-05,-4.296158617154817384e-05,9.998240325912436388e-01,5.454166714109104678e-05,4.530692519112039542e-07,9.476036206684628605e-06,1.000470000000001525e+00
9.997356384438315091e-01,-2.066455953145558954e-05,-1.903474738362419773e-05,-4.347064338057243967e-05,9.998221570087116872e-01,5.500629821263249345e-05,4.581132862950488122e-07,9.620644701972775941e-06,1.000474999999998005e+00
9.997326292947085191e-01,-2.087046132614770477e-05,-1.924808722037872220e-05,-4.397990801419558515e-05,9.998202816548643623e-01,5.546973883918181831e-05,4.624044146221873455e-07,9.764789971205915640e-06,1.000480000000002034e+00
9.997296198047506133e-01,-2.107553548007668276e-05,-1.946069625897632285e-05,-4.448936328871601841e-05,9.998184065288051592e-01,5.593202545948328238e-05,4.659664860097526259e-07,9.908474063018237168e-06,1.000485000000005176e+00
9.997266099772902370e-01,-2.127980369852083508e-05,-1.967260141897743555e-05,-4.499899311375976538e-05,9.998165316292749738e-01,5.639319297383291093e-05,4.688225473902458267e-07,1.005169908973338084e-05,1.000490000000003432e+00
9.997235998157334436e-01,-2.148328658181491020e-05,-1.988382920709141758e-05,-4.550878195148492535e-05,9.998146569548922447e-01,5.685327525060607299e-05,4.709948633400476989e-07,1.019446674433776544e-05,1.000495000000002355e+00
9.997205893233156448e-01,-2.168600319811317666e-05,-2.009440585013615301e-05,-4.601871491230260787e-05,9.998127825042878447e-01,5.731230398309352162e-05,4.725047805635937573e-07,1.033677891272224172e-05,1.000499999999998391e+00
9.997175785032323958e-01,-2.188797169580857579e-05,-2.030435678900600102e-05,-4.652877759017966350e-05,9.998109082760610056e-01,5.777030960675093297e-05,4.733726018205540305e-07,1.047863724007516604e-05,1.000504999999999090e+00
9.997145673587199965e-01,-2.208920883540253479e-05,-2.051370701689673412e-05,-4.703895633477592279e-05,9.998090342686958287e-01,5.822732107217176901e-05,4.736175001166289317e-07,1.062004327703895350e-05,1.000509999999996902e+00
9.997115558927921475e-01,-2.228973062877683927e-05,-2.072248089848988592e-05,-4.754923786631152209e-05,9.998071604808055346e-01,5.868336605426743743e-05,4.732575972669165018e-07,1.076099842724239911e-05,1.000514999999999821e+00
9.997085441085159507e-01,-2.248955213350274085e-05,-2.093070215036802115e-05,-4.805960996301257549e-05,9.998052869108402518e-01,5.913847103574926647e-05,4.723100072624897906e-07,1.090150389877227985e-05,1.000519999999999854e+00
9.997055320089651698e-01,-2.268868773120655469e-05,-2.113839371656574473e-05,-4.857006063281783543e-05,9.998034135572390069e-01,5.959266131937900014e-05,4.707907240130721287e-07,1.104156106522515659e-05,1.000525000000003883e+00
9.997025195972287781e-01,-2.288715097725789650e-05,-2.134557781473483371e-05,-4.908057907551698681e-05,9.998015404182848398e-01,6.004596110215729024e-05,4.687147621294576922e-07,1.118117135846315874e-05,1.000530000000001918e+00
9.996995068764780168e-01,-2.308495482465067173e-05,-2.155227593029965572e-05,-4.959115519388032308e-05,9.997996674921992843e-01,6.049839358290954547e-05,4.660964188003672563e-07,1.132033627018744958e-05,1.000534999999996177e+00
9.996964938501498033e-01,-2.328211111201704983e-05,-2.175850858241956350e-05,-5.010178022160911539e-05,9.997977947768276197e-01,6.094998108606210387e-05,4.629489209119642690e-07,1.145905772582345321e-05,1.000539999999993324e+00
9.996934805217142506e-01,-2.347863113905453999e-05,-2.196429558793720904e-05,-5.061244596414493538e-05,9.997959222700359971e-01,6.140074489757123939e-05,4.592850980751839524e-07,1.159733774117587995e-05,1.000545000000000240e+00
9.996904668948189965e-01,-2.367452524476577598e-05,-2.216965597082663539e-05,-5.112314566833444187e-05,9.997940499693290795e-01,6.185070524776209824e-05,4.551171918806194873e-07,1.173517889258900890e-05,1.000550000000000717e+00
9.996874529732322490e-01,-2.386980295847664372e-05,-2.237460787978597663e-05,-5.163387313621251333e-05,9.997921778721357011e-01,6.229988133306500764e-05,4.504569328645229200e-07,1.187258406176093304e-05,1.000554999999992978e+00
9.996844387608249116e-01,-2.406447324623662404e-05,-2.257916879578945096e-05,-5.214462314172903408e-05,9.997903059757126121e-01,6.274829167186658015e-05,4.453156577676374143e-07,1.200955639975898058e-05,1.000560000000002558e+00
9.996814242615384982e-01,-2.425854408164994282e-05,-2.278335552560074178e-05,-5.265539095482170824e-05,9.997884342772479505e-01,6.319595336680744924e-05,4.397045079147652923e-07,1.214609964798272990e-05,1.000564999999997040e+00
9.996784094792674491e-01,-2.445202288683033883e-05,-2.298718415281937225e-05,-5.316617257686131537e-05,9.997865627738470318e-01,6.364288272582647381e-05,4.336340819762602440e-07,1.228221778635416380e-05,1.000570000000003734e+00
9.996753944179518347e-01,-2.464491648167737659e-05,-2.319067006547235289e-05,-5.367696429247949014e-05,9.997846914626401515e-01,6.408909503655634519e-05,4.271148377416240258e-07,1.241791511987718778e-05,1.000574999999998216e+00
9.996723790815373878e-01,-2.483723106235304439e-05,-2.339382804779017094e-05,-5.418776277556670314e-05,9.997828203406535774e-01,6.453460472234903472e-05,4.201568539730382478e-07,1.255319626878580173e-05,1.000579999999998027e+00
9.996693634738983425e-01,-2.502897248883457620e-05,-2.359667216585757966e-05,-5.469856491709395603e-05,9.997809494049623158e-01,6.497942530110557434e-05,4.127700499273359343e-07,1.268806608385789319e-05,1.000585000000000724e+00
9.996663475989242542e-01,-2.522014616432319761e-05,-2.379921585546508414e-05,-5.520936786457017833e-05,9.997790786526388196e-01,6.542356955762430339e-05,4.049640432250765556e-07,1.282252967520328856e-05,1.000589999999998314e+00
9.996633314603686760e-01,-2.541075722232968547e-05,-2.400147184971361799e-05,-5.572016898273306136e-05,9.997772080807525441e-01,6.586704963079807230e-05,3.967482833040111041e-07,1.295659234253473542e-05,1.000594999999997237e+00
9.996603150620659850e-01,-2.560081065917547429e-05,-2.420345214902273307e-05,-5.623096568157226596e-05,9.997753376863997010e-01,6.630987695870123213e-05,3.881320087366202440e-07,1.309025959772327183e-05,1.000600000000004375e+00
9.996572984077563007e-01,-2.579031133605018739e-05,-2.440516805632766102e-05,-5.674175554615306451e-05,9.997734674666624022e-01,6.675206249425452286e-05,3.791243321524088755e-07,1.322353711945295105e-05,1.000605000000002853e+00
9.996542815011575378e-01,-2.597926401393862371e-05,-2.460663016693401346e-05,-5.725253635155152403e-05,9.997715974186873744e-01,6.719361677561637089e-05,3.697342388844777695e-07,1.335643072859580997e-05,1.000609999999997779e+00
9.996512643460829795e-01,-2.616767353271563220e-05,-2.480784850528229657e-05,-5.776330580240291346e-05,9.997697275394504812e-01,6.763454977083941820e-05,3.599706796667372080e-07,1.348894643115136067e-05,1.000614999999997368e+00
9.996482469461408504e-01,-2.635554461895302152e-05,-2.500883237330350098e-05,-5.827406194693620582e-05,9.997678578261716131e-01,6.807487127540761459e-05,3.498424671096369968e-07,1.362109028592668298e-05,1.000620000000004506e+00
9.996452293050535065e-01,-2.654288212254373645e-05,-2.520959060001547254e-05,-5.878480272026171256e-05,9.997659882758913596e-01,6.851459055148010138e-05,3.393584005909328621e-07,1.375286849610157210e-05,1.000624999999999210e+00
9.996422114263942005e-01,-2.672969096275572206e-05,-2.541013136076242227e-05,-5.929552623697904889e-05,9.997641188858148453e-01,6.895371669061716043e-05,3.285271652023556191e-07,1.388428726971321664e-05,1.000630000000004349e+00
9.996391933137938057e-01,-2.691597595405727732e-05,-2.561046245647298492e-05,-5.980623061532575518e-05,9.997622496530652603e-01,6.939225834608709275e-05,3.173573833342067098e-07,1.401535289894610078e-05,1.000635000000000163e+00
9.996361749707030064e-01,-2.710174221001370804e-05,-2.581059106935160714e-05,-6.031691404397417972e-05,9.997603805749152306e-01,6.983022400937619392e-05,3.058575362348080903e-07,1.414607160320496967e-05,1.000640000000003083e+00
9.996331564005838111e-01,-2.728699471081222951e-05,-2.601052403515125073e-05,-6.082757472345493553e-05,9.997585116486115142e-01,7.026762182128219226e-05,2.940359897977453307e-07,1.427644960425731099e-05,1.000645000000001561e+00
9.996301376067667777e-01,-2.747173874476924383e-05,-2.621026772942195682e-05,-6.133821080850273546e-05,9.997566428715088938e-01,7.070445960234322303e-05,2.819009515396153739e-07,1.440649303129414984e-05,1.000650000000005591e+00
9.996271185924584524e-01,-2.765597950560439832e-05,-2.640982807859190023e-05,-6.184882055561482389e-05,9.997547742410828331e-01,7.114074508224155051e-05,2.694604320087000980e-07,1.453620794078068597e-05,1.000654999999999628e+00
9.996240993607659053e-01,-2.783972245975142567e-05,-2.660921052762181693e-05,-6.235940210896768186e-05,9.997529057548336651e-01,7.157648573218406893e-05,2.567222030178273794e-07,1.466560010373361681e-05,1.000659999999998107e+00
9.996210799146656445e-01,-2.802297306892090117e-05,-2.680842026266375860e-05,-6.286995365924865416e-05,9.997510374104640052e-01,7.201168875314354722e-05,2.436938721145280631e-07,1.479467534446330618e-05,1.000664999999998805e+00
9.996180602569857410e-01,-2.820573722293111084e-05,-2.700746195261432528e-05,-6.338047328226855282e-05,9.997491692057165480e-01,7.244636122642368202e-05,2.303827554699773329e-07,1.492343914069039731e-05,1.000669999999998616e+00
9.996150403904375814e-01,-2.838802072998469449e-05,-2.720633994748202956e-05,-6.389095905592228394e-05,9.997473011385128450e-01,7.288051008726050949e-05,2.167959594115856056e-07,1.505189681528075990e-05,1.000674999999997539e+00
9.996120203175113961e-01,-2.856982979584372551e-05,-2.740505824261559763e-05,-6.440140896616697080e-05,9.997454332069004579e-01,7.331414212897038667e-05,2.029403314658260596e-07,1.518005347402250581e-05,1.000679999999998682e+00
9.996090000405677412e-01,-2.875117082026950612e-05,-2.760362054994810365e-05,-6.491182091528559380e-05,9.997435654090807144e-01,7.374726402903581442e-05,1.888224907201511430e-07,1.530791399458994421e-05,1.000685000000000269e+00
9.996059795618362775e-01,-2.893205048621430326e-05,-2.780203031299218031e-05,-6.542219263818231363e-05,9.997416977433905005e-01,7.417988238588565442e-05,1.744488303888512214e-07,1.543548292602584633e-05,1.000690000000002744e+00
9.996029588832603396e-01,-2.911247563822528311e-05,-2.800029087864300682e-05,-6.593252190628723548e-05,9.997398302083981836e-01,7.461200364724134601e-05,1.598255438897683811e-07,1.556276480601083092e-05,1.000695000000000556e+00
9.995999380067653872e-01,-2.929245349968676447e-05,-2.819840534340811369e-05,-6.644280615220438363e-05,9.997379628027075471e-01,7.504363425867308166e-05,1.449586085344434869e-07,1.568976361312932090e-05,1.000699999999998591e+00
9.995969169340395144e-01,-2.947199141977950701e-05,-2.839637684535835878e-05,-6.695304280903551246e-05,9.997360955251208825e-01,7.547478055009882868e-05,1.298538574942559836e-07,1.581648328415950650e-05,1.000704999999995737e+00
9.995938956665865183e-01,-2.965109701788959322e-05,-2.859420844323200570e-05,-6.746322921264402402e-05,9.997342283746399882e-01,7.590544882105741274e-05,1.145169423163071367e-07,1.594292743725649657e-05,1.000710000000001543e+00
9.995908742058968732e-01,-2.982977811337514322e-05,-2.879190322089662739e-05,-6.797336241222831437e-05,9.997323613502490103e-01,7.633564523720017024e-05,9.895327485172617224e-08,1.606909947412752125e-05,1.000715000000004906e+00
9.995878525532561065e-01,-3.000804259109335627e-05,-2.898946442444692818e-05,-6.848343954084149638e-05,9.997304944511505864e-01,7.676537601279601454e-05,8.316829748359740670e-08,1.619500251648295973e-05,1.000719999999997833e+00
9.995848307099614027e-01,-3.018589846109879658e-05,-2.918689536803155299e-05,-6.899345747605986374e-05,9.997286276764971724e-01,7.719464723003372116e-05,6.716727537755032509e-08,1.632063952863767127e-05,1.000725000000001419e+00
9.995818086771559585e-01,-3.036335378870318153e-05,-2.938419953164116065e-05,-6.950341328390142028e-05,9.997267610255829995e-01,7.762346489974897236e-05,5.095536654162363714e-08,1.644601330133392965e-05,1.000729999999999231e+00
9.995787864559650959e-01,-3.054041633609198760e-05,-2.958138052449146746e-05,-7.001330381762022710e-05,9.997248944977420448e-01,7.805183504637303396e-05,3.453767972931056278e-08,1.657112633371342976e-05,1.000734999999999042e+00
9.995757640474822736e-01,-3.071709404297091786e-05,-2.977844218497741071e-05,-7.052312620678479838e-05,9.997230280923113943e-01,7.847976348038446909e-05,1.791922700931762654e-08,1.669598115189143084e-05,1.000739999999990637e+00
9.995727414527997290e-01,-3.089339444624911163e-05,-2.997538851962087741e-05,-7.103287746812685219e-05,9.997211618086219165e-01,7.890725593891067147e-05,1.104991939344606483e-09,1.682058013051367050e-05,1.000745000000002882e+00
9.995697186729343153e-01,-3.106932483798854948e-05,-3.017222369100468939e-05,-7.154255493014372101e-05,9.997192956460878577e-01,7.933431808096281037e-05,-1.590011820810674527e-08,1.694492550796092124e-05,1.000750000000004913e+00
9.995666957089719418e-01,-3.124489224592201758e-05,-3.036895205019450039e-05,-7.205215593900578838e-05,9.997174296040456376e-01,7.976095538212120211e-05,-3.309122139209083920e-08,1.706901951199462560e-05,1.000754999999998507e+00
9.995636725619608809e-01,-3.142010338153730642e-05,-3.056557810109510076e-05,-7.256167796684057103e-05,9.997155636818085833e-01,8.018717314459758709e-05,-5.046346698987877016e-08,1.719286435931492786e-05,1.000760000000004535e+00
9.995606492329176529e-01,-3.159496457313255136e-05,-3.076210632527507624e-05,-7.307111885228083305e-05,9.997136978787968253e-01,8.061297656080289255e-05,-6.801212892002760124e-08,1.731646219593588364e-05,1.000764999999997018e+00
9.995576257229445982e-01,-3.176948188139735448e-05,-3.095854146276656819e-05,-7.358047642369016858e-05,9.997118321942785046e-01,8.103837079650006391e-05,-8.573247964937107923e-08,1.743981515698743946e-05,1.000770000000003268e+00
9.995546020330796644e-01,-3.194366107021002951e-05,-3.115488840160212801e-05,-7.408974877014274654e-05,9.997099666276262342e-01,8.146336055779598395e-05,-1.036196363306917349e-07,1.756292552821143242e-05,1.000775000000003745e+00
9.995515781644009889e-01,-3.211750761260700207e-05,-3.135115143920630707e-05,-7.459893409582891793e-05,9.997081011780866167e-01,8.188795103887002206e-05,-1.216691701856867053e-07,1.768579522710838367e-05,1.000780000000000891e+00
9.995485541179550681e-01,-3.229102676915581393e-05,-3.154733545350541532e-05,-7.510803068834059470e-05,9.997062358450252706e-01,8.231214656526276855e-05,-1.398763545011574343e-07,1.780842674948145520e-05,1.000785000000005143e+00
9.995455298948927592e-01,-3.246422371005995702e-05,-3.174344491269516364e-05,-7.561703702330453854e-05,9.997043706276551589e-01,8.273595203835307319e-05,-1.582365506094168839e-07,1.793082212177903950e-05,1.000789999999996294e+00
9.995425054961629696e-01,-3.263710326151346831e-05,-3.193948409779687669e-05,-7.612595192590474054e-05,9.997025055253573322e-01,8.315937190076132051e-05,-1.767453216719412697e-07,1.805298371678745053e-05,1.000795000000002544e+00
9.995394809229992683e-01,-3.280967047211445694e-05,-3.213545731064377001e-05,-7.663477400606874958e-05,9.997006405372925730e-01,8.358241085650913369e-05,-1.953981837604782395e-07,1.817491363790671623e-05,1.000799999999995027e+00
9.995364561764090716e-01,-3.298193011377758427e-05,-3.233136848803730353e-05,-7.714350209537757994e-05,9.996987756627939703e-01,8.400507322779734022e-05,-2.141907099855795244e-07,1.829661432952976412e-05,1.000805000000003053e+00
9.995334312574658542e-01,-3.315388683917276224e-05,-3.252722143479157990e-05,-7.765213533281736184e-05,9.996969109011397681e-01,8.442736354142226342e-05,-2.331186271656378302e-07,1.841808802179449611e-05,1.000810000000001310e+00
9.995304061672870555e-01,-3.332554560656177865e-05,-3.272302010889863465e-05,-7.816067238955843016e-05,9.996950462515477032e-01,8.484928605457103541e-05,-2.521774292086653125e-07,1.853933717556366693e-05,1.000815000000000454e+00
9.995273809069173954e-01,-3.349691104987090573e-05,-3.291876765939645073e-05,-7.866911261213545238e-05,9.996931817133102305e-01,8.527084516972515511e-05,-2.713631013762612352e-07,1.866036408033806972e-05,1.000820000000000709e+00
9.995243554774595474e-01,-3.366798793716086591e-05,-3.311446779369093819e-05,-7.917745488072082274e-05,9.996913172856364271e-01,8.569204502051318837e-05,-2.906713261069781840e-07,1.878117129191375374e-05,1.000824999999996301e+00
9.995213298799571211e-01,-3.383878091613430568e-05,-3.331012312525462543e-05,-7.968569841338413976e-05,9.996894529678612695e-01,8.611288999281011274e-05,-3.100981551324048369e-07,1.890176096136965891e-05,1.000830000000002329e+00
9.995183041155393244e-01,-3.400929488808417887e-05,-3.350573714467821603e-05,-8.019384229218644723e-05,9.996875887591379906e-01,8.653338396993728637e-05,-3.296395241173385208e-07,1.902213574664864113e-05,1.000834999999998143e+00
9.995152781850856760e-01,-3.417953415186686134e-05,-3.370131276153954852e-05,-8.070188593810297486e-05,9.996857246589272439e-01,8.695353106432972474e-05,-3.492915244421729524e-07,1.914229800411438041e-05,1.000840000000001728e+00
9.995122520897662399e-01,-3.434950384648024325e-05,-3.389685245788213785e-05,-8.120982796852077221e-05,9.996838606663627225e-01,8.737333512718284563e-05,-3.690501619051947170e-07,1.926225018300508010e-05,1.000845000000001095e+00
9.995092258305106059e-01,-3.451920824206904147e-05,-3.409235903010335468e-05,-8.171766821399034251e-05,9.996819967808228125e-01,8.779280027386581376e-05,-3.889119268007453544e-07,1.938199456843394333e-05,1.000849999999994688e+00
9.995061994084488699e-01,-3.468865216904000795e-05,-3.428783511748530920e-05,-8.222540550204287971e-05,9.996801330014998266e-01,8.821193010685485659e-05,-4.088729085505145537e-07,1.950153362086099455e-05,1.000855000000000716e+00
9.995031728245198366e-01,-3.485783982228823859e-05,-3.448328333108745491e-05,-8.273303946887191891e-05,9.996782693277184162e-01,8.863072859649839754e-05,-4.289295707896216285e-07,1.962086984735759025e-05,1.000860000000004968e+00
9.995001460797187098e-01,-3.502677613451936486e-05,-3.467870562866808134e-05,-8.324056924443049216e-05,9.996764057588127805e-01,8.904919916653192063e-05,-4.490785454565951860e-07,1.974000546100809097e-05,1.000864999999999672e+00
9.994971191751415018e-01,-3.519546512764017035e-05,-3.487410473390213211e-05,-8.374799461086375831e-05,9.996745422939914416e-01,8.946734588456739577e-05,-4.693162480718778046e-07,1.985894271240856514e-05,1.000870000000002147e+00
9.994940921117539956e-01,-3.536391165479770053e-05,-3.506948262788627685e-05,-8.425531474079947546e-05,9.996726789325088847e-01,8.988517194704889540e-05,-4.896393945087697122e-07,1.997768406816352604e-05,1.000875000000002624e+00
9.994910648906565331e-01,-3.553211952279541999e-05,-3.526484163335971163e-05,-8.476252960784714629e-05,9.996708156735892858e-01,9.030268122513630900e-05,-5.100446614245111020e-07,2.009623160195537581e-05,1.000880000000001324e+00
9.994880375129155947e-01,-3.570009335370777365e-05,-3.546018393111576315e-05,-8.526963850489339362e-05,9.996689525164266232e-01,9.071987719011977288e-05,-5.305290356538295164e-07,2.021458768368877148e-05,1.000885000000001801e+00
9.994850099794596598e-01,-3.586783690555176427e-05,-3.565551144914726487e-05,-8.577664183024888791e-05,9.996670894603860713e-01,9.113676325975947541e-05,-5.510892798272613704e-07,2.033275450770514201e-05,1.000889999999998725e+00
9.994819822913332263e-01,-3.603535441231681233e-05,-3.585082644723082472e-05,-8.628353900525771801e-05,9.996652265046983565e-01,9.155334273129147661e-05,-5.717223864507823184e-07,2.045073427767360577e-05,1.000895000000000090e+00
9.994789544496534006e-01,-3.620264949101770690e-05,-3.604613076676756552e-05,-8.679033058641368622e-05,9.996633636484789642e-01,9.196961903323905665e-05,-5.924253377713029517e-07,2.056852912800687905e-05,1.000899999999997014e+00
9.994759264554955447e-01,-3.636972631699048248e-05,-3.624142632054278609e-05,-8.729701620631286356e-05,9.996615008909341960e-01,9.238559560317316283e-05,-6.131954401779595979e-07,2.068614104825268249e-05,1.000904999999996159e+00
9.994728983097799224e-01,-3.653658819921097410e-05,-3.643671500431663304e-05,-8.780359688383783303e-05,9.996596382313863716e-01,9.280127564388157514e-05,-6.340296636511777693e-07,2.080357234330357016e-05,1.000909999999996858e+00
9.994698700137100156e-01,-3.670323910784240989e-05,-3.663199879445113967e-05,-8.831007227242121534e-05,9.996577756689096761e-01,9.321666245543861872e-05,-6.549253869980318634e-07,2.092082482359806331e-05,1.000915000000000887e+00
9.994668415681235984e-01,-3.686968209186680261e-05,-3.682727898071373892e-05,-8.881644371887555101e-05,9.996559132028594030e-01,9.363175888176897429e-05,-6.758800581786720047e-07,2.103790075021372776e-05,1.000919999999997145e+00
9.994638129741920674e-01,-3.703592075408966550e-05,-3.702255793957310865e-05,-8.932271114139594297e-05,9.996540508324167629e-01,9.404656843414156773e-05,-6.968908128326912727e-07,2.115480171057933660e-05,1.000925000000001397e+00
9.994607842328490088e-01,-3.720195786823865726e-05,-3.721783667620783492e-05,-8.982887623282930368e-05,9.996521885567170029e-01,9.446109372839513771e-05,-7.179554713109784987e-07,2.127153016958315172e-05,1.000930000000000986e+00
9.994577553451580165e-01,-3.736779705546630257e-05,-3.741311731686418606e-05,-9.033493897570393197e-05,9.996503263750599055e-01,9.487533801521704185e-05,-7.390712288389126220e-07,2.138808764902472555e-05,1.000934999999997910e+00
9.994547263119176739e-01,-3.753344087438479807e-05,-3.760840066181288688e-05,-9.084090137002408889e-05,9.996484642867953241e-01,9.528930391577441171e-05,-7.602361645356146584e-07,2.150447632493855039e-05,1.000940000000006380e+00
9.994516971341569356e-01,-3.769889238991628661e-05,-3.780368920842052229e-05,-9.134676373898479066e-05,9.996466022911641991e-01,9.570299412780191532e-05,-7.814471658993443644e-07,2.162069807793609005e-05,1.000944999999994645e+00
9.994486678128920998e-01,-3.786415467973108215e-05,-3.799898263478629498e-05,-9.185252789588117036e-05,9.996447403873671700e-01,9.611641167677049903e-05,-8.027030599570420265e-07,2.173675469669530136e-05,1.000949999999998674e+00
9.994456383489596085e-01,-3.802922982463265720e-05,-3.819428409978117654e-05,-9.235819506692105683e-05,9.996428785748133761e-01,9.652955898100923609e-05,-8.240006582413093350e-07,2.185264809573711123e-05,1.000955000000000927e+00
9.994426087432236594e-01,-3.819412080246973972e-05,-3.838959307227939158e-05,-9.286376668358998186e-05,9.996410168528259144e-01,9.694243874021219180e-05,-8.453386842852023612e-07,2.196838015050989754e-05,1.000960000000001848e+00
9.994395789964209964e-01,-3.835882962127916683e-05,-3.858491166552051609e-05,-9.336924466809022453e-05,9.996391552208375719e-01,9.735505321432084058e-05,-8.667146259765816655e-07,2.208395258456681133e-05,1.000965000000003435e+00
9.994365491096809384e-01,-3.852335941234754361e-05,-3.878024049008557347e-05,-9.387462991784829998e-05,9.996372936780059115e-01,9.776740522703240464e-05,-8.881266841100981243e-07,2.219936733188017966e-05,1.000970000000004134e+00
9.994335190835929028e-01,-3.868771143154506087e-05,-3.897558064825616659e-05,-9.437992517251663947e-05,9.996354322238895085e-01,9.817949664629540174e-05,-9.095728564174916823e-07,2.231462612413087515e-05,1.000975000000001947e+00
9.994304889190721575e-01,-3.885188949862730629e-05,-3.917093249799770920e-05,-9.488513110718276521e-05,9.996335708578649726e-01,9.859133023576878961e-05,-9.310514106747328885e-07,2.242973076247627915e-05,1.000980000000001313e+00
9.994274586169220598e-01,-3.901589432792970392e-05,-3.936629784908734228e-05,-9.539025011417496961e-05,9.996317095792258689e-01,9.900290768535874493e-05,-9.525601809817314805e-07,2.254468297259849905e-05,1.000985000000003122e+00
9.994244281777606709e-01,-3.917972926903407578e-05,-3.956167608753144834e-05,-9.589528388519559998e-05,9.996298483875958318e-01,9.941423175264887144e-05,-9.740979843883576315e-07,2.265948461398453227e-05,1.000989999999997826e+00
9.994213976022850998e-01,-3.934339524685103519e-05,-3.975706925096923619e-05,-9.640023465966916316e-05,9.996279872824425095e-01,9.982530380188261770e-05,-9.956625695092498778e-07,2.277413734977344362e-05,1.000994999999999857e+00
